D:\ProgramData\Anaconda3\python.exe E:/git/Lattice-Tilings-and-Hyperdeterminant/python/determinant.py
(0, 3, 2, 1)
(0, 3, 2, 5)
(1, 0, 3, 2)
(1, 4, 3, 2)
(2, 1, 0, 3)
(2, 1, 4, 3)
(2, 5, 0, 3)
(2, 5, 4, 3)
(3, 2, 1, 0)
(3, 2, 1, 4)
(3, 2, 5, 0)
(3, 2, 5, 4)
(4, 3, 2, 1)
(4, 3, 2, 5)
(5, 0, 3, 2)
(5, 4, 3, 2)
('A', array([[[[ 0,  0,  0,  0,  0,  0],
         [ 0,  0,  0,  0,  0,  0],
         [ 0,  0,  0,  0,  0,  0],
         [ 0,  0,  0,  0,  0,  0],
         [ 0,  0,  0,  0,  0,  0],
         [ 0,  0,  0,  0,  0,  0]],

        [[ 0,  0,  0,  0,  0,  0],
         [ 0,  0,  0,  0,  0,  0],
         [ 0,  0,  0,  0,  0,  0],
         [ 0,  0,  0,  0,  0,  0],
         [ 0,  0,  0,  0,  0,  0],
         [ 0,  0,  0,  0,  0,  0]],

        [[ 0,  0,  0,  0,  0,  0],
         [ 0,  0,  0,  0,  0,  0],
         [ 0,  0,  0,  0,  0,  0],
         [ 0,  0,  0,  0,  0,  0],
         [ 0,  0,  0,  0,  0,  0],
         [ 0,  0,  0,  0,  0,  0]],

        [[ 0,  0,  0,  0,  0,  0],
         [ 0,  0,  0,  0,  0,  0],
         [ 0,  1,  0,  0,  0,  1],
         [ 0,  0,  0,  0,  0,  0],
         [ 0,  0,  0,  0,  0,  0],
         [ 0,  0,  0,  0,  0,  0]],

        [[ 0,  0,  0,  0,  0,  0],
         [ 0,  0,  0,  0,  0,  0],
         [ 0,  0,  0,  0,  0,  0],
         [ 0,  0,  0,  0,  0,  0],
         [ 0,  0,  0,  0,  0,  0],
         [ 0,  0,  0,  0,  0,  0]],

        [[ 0,  0,  0,  0,  0,  0],
         [ 0,  0,  0,  0,  0,  0],
         [ 0,  0,  0,  0,  0,  0],
         [ 0,  0,  0,  0,  0,  0],
         [ 0,  0,  0,  0,  0,  0],
         [ 0,  0,  0,  0,  0,  0]]],


       [[[ 0,  0,  0,  0,  0,  0],
         [ 0,  0,  0,  0,  0,  0],
         [ 0,  0,  0,  0,  0,  0],
         [ 0,  0, -1,  0,  0,  0],
         [ 0,  0,  0,  0,  0,  0],
         [ 0,  0,  0,  0,  0,  0]],

        [[ 0,  0,  0,  0,  0,  0],
         [ 0,  0,  0,  0,  0,  0],
         [ 0,  0,  0,  0,  0,  0],
         [ 0,  0,  0,  0,  0,  0],
         [ 0,  0,  0,  0,  0,  0],
         [ 0,  0,  0,  0,  0,  0]],

        [[ 0,  0,  0,  0,  0,  0],
         [ 0,  0,  0,  0,  0,  0],
         [ 0,  0,  0,  0,  0,  0],
         [ 0,  0,  0,  0,  0,  0],
         [ 0,  0,  0,  0,  0,  0],
         [ 0,  0,  0,  0,  0,  0]],

        [[ 0,  0,  0,  0,  0,  0],
         [ 0,  0,  0,  0,  0,  0],
         [ 0,  0,  0,  0,  0,  0],
         [ 0,  0,  0,  0,  0,  0],
         [ 0,  0,  0,  0,  0,  0],
         [ 0,  0,  0,  0,  0,  0]],

        [[ 0,  0,  0,  0,  0,  0],
         [ 0,  0,  0,  0,  0,  0],
         [ 0,  0,  0,  0,  0,  0],
         [ 0,  0, -1,  0,  0,  0],
         [ 0,  0,  0,  0,  0,  0],
         [ 0,  0,  0,  0,  0,  0]],

        [[ 0,  0,  0,  0,  0,  0],
         [ 0,  0,  0,  0,  0,  0],
         [ 0,  0,  0,  0,  0,  0],
         [ 0,  0,  0,  0,  0,  0],
         [ 0,  0,  0,  0,  0,  0],
         [ 0,  0,  0,  0,  0,  0]]],


       [[[ 0,  0,  0,  0,  0,  0],
         [ 0,  0,  0,  0,  0,  0],
         [ 0,  0,  0,  0,  0,  0],
         [ 0,  0,  0,  0,  0,  0],
         [ 0,  0,  0,  0,  0,  0],
         [ 0,  0,  0,  0,  0,  0]],

        [[ 0,  0,  0,  1,  0,  0],
         [ 0,  0,  0,  0,  0,  0],
         [ 0,  0,  0,  0,  0,  0],
         [ 0,  0,  0,  0,  0,  0],
         [ 0,  0,  0,  1,  0,  0],
         [ 0,  0,  0,  0,  0,  0]],

        [[ 0,  0,  0,  0,  0,  0],
         [ 0,  0,  0,  0,  0,  0],
         [ 0,  0,  0,  0,  0,  0],
         [ 0,  0,  0,  0,  0,  0],
         [ 0,  0,  0,  0,  0,  0],
         [ 0,  0,  0,  0,  0,  0]],

        [[ 0,  0,  0,  0,  0,  0],
         [ 0,  0,  0,  0,  0,  0],
         [ 0,  0,  0,  0,  0,  0],
         [ 0,  0,  0,  0,  0,  0],
         [ 0,  0,  0,  0,  0,  0],
         [ 0,  0,  0,  0,  0,  0]],

        [[ 0,  0,  0,  0,  0,  0],
         [ 0,  0,  0,  0,  0,  0],
         [ 0,  0,  0,  0,  0,  0],
         [ 0,  0,  0,  0,  0,  0],
         [ 0,  0,  0,  0,  0,  0],
         [ 0,  0,  0,  0,  0,  0]],

        [[ 0,  0,  0,  1,  0,  0],
         [ 0,  0,  0,  0,  0,  0],
         [ 0,  0,  0,  0,  0,  0],
         [ 0,  0,  0,  0,  0,  0],
         [ 0,  0,  0,  1,  0,  0],
         [ 0,  0,  0,  0,  0,  0]]],


       [[[ 0,  0,  0,  0,  0,  0],
         [ 0,  0,  0,  0,  0,  0],
         [ 0,  0,  0,  0,  0,  0],
         [ 0,  0,  0,  0,  0,  0],
         [ 0,  0,  0,  0,  0,  0],
         [ 0,  0,  0,  0,  0,  0]],

        [[ 0,  0,  0,  0,  0,  0],
         [ 0,  0,  0,  0,  0,  0],
         [ 0,  0,  0,  0,  0,  0],
         [ 0,  0,  0,  0,  0,  0],
         [ 0,  0,  0,  0,  0,  0],
         [ 0,  0,  0,  0,  0,  0]],

        [[ 0,  0,  0,  0,  0,  0],
         [-1,  0,  0,  0, -1,  0],
         [ 0,  0,  0,  0,  0,  0],
         [ 0,  0,  0,  0,  0,  0],
         [ 0,  0,  0,  0,  0,  0],
         [-1,  0,  0,  0, -1,  0]],

        [[ 0,  0,  0,  0,  0,  0],
         [ 0,  0,  0,  0,  0,  0],
         [ 0,  0,  0,  0,  0,  0],
         [ 0,  0,  0,  0,  0,  0],
         [ 0,  0,  0,  0,  0,  0],
         [ 0,  0,  0,  0,  0,  0]],

        [[ 0,  0,  0,  0,  0,  0],
         [ 0,  0,  0,  0,  0,  0],
         [ 0,  0,  0,  0,  0,  0],
         [ 0,  0,  0,  0,  0,  0],
         [ 0,  0,  0,  0,  0,  0],
         [ 0,  0,  0,  0,  0,  0]],

        [[ 0,  0,  0,  0,  0,  0],
         [ 0,  0,  0,  0,  0,  0],
         [ 0,  0,  0,  0,  0,  0],
         [ 0,  0,  0,  0,  0,  0],
         [ 0,  0,  0,  0,  0,  0],
         [ 0,  0,  0,  0,  0,  0]]],


       [[[ 0,  0,  0,  0,  0,  0],
         [ 0,  0,  0,  0,  0,  0],
         [ 0,  0,  0,  0,  0,  0],
         [ 0,  0,  0,  0,  0,  0],
         [ 0,  0,  0,  0,  0,  0],
         [ 0,  0,  0,  0,  0,  0]],

        [[ 0,  0,  0,  0,  0,  0],
         [ 0,  0,  0,  0,  0,  0],
         [ 0,  0,  0,  0,  0,  0],
         [ 0,  0,  0,  0,  0,  0],
         [ 0,  0,  0,  0,  0,  0],
         [ 0,  0,  0,  0,  0,  0]],

        [[ 0,  0,  0,  0,  0,  0],
         [ 0,  0,  0,  0,  0,  0],
         [ 0,  0,  0,  0,  0,  0],
         [ 0,  0,  0,  0,  0,  0],
         [ 0,  0,  0,  0,  0,  0],
         [ 0,  0,  0,  0,  0,  0]],

        [[ 0,  0,  0,  0,  0,  0],
         [ 0,  0,  0,  0,  0,  0],
         [ 0,  1,  0,  0,  0,  1],
         [ 0,  0,  0,  0,  0,  0],
         [ 0,  0,  0,  0,  0,  0],
         [ 0,  0,  0,  0,  0,  0]],

        [[ 0,  0,  0,  0,  0,  0],
         [ 0,  0,  0,  0,  0,  0],
         [ 0,  0,  0,  0,  0,  0],
         [ 0,  0,  0,  0,  0,  0],
         [ 0,  0,  0,  0,  0,  0],
         [ 0,  0,  0,  0,  0,  0]],

        [[ 0,  0,  0,  0,  0,  0],
         [ 0,  0,  0,  0,  0,  0],
         [ 0,  0,  0,  0,  0,  0],
         [ 0,  0,  0,  0,  0,  0],
         [ 0,  0,  0,  0,  0,  0],
         [ 0,  0,  0,  0,  0,  0]]],


       [[[ 0,  0,  0,  0,  0,  0],
         [ 0,  0,  0,  0,  0,  0],
         [ 0,  0,  0,  0,  0,  0],
         [ 0,  0, -1,  0,  0,  0],
         [ 0,  0,  0,  0,  0,  0],
         [ 0,  0,  0,  0,  0,  0]],

        [[ 0,  0,  0,  0,  0,  0],
         [ 0,  0,  0,  0,  0,  0],
         [ 0,  0,  0,  0,  0,  0],
         [ 0,  0,  0,  0,  0,  0],
         [ 0,  0,  0,  0,  0,  0],
         [ 0,  0,  0,  0,  0,  0]],

        [[ 0,  0,  0,  0,  0,  0],
         [ 0,  0,  0,  0,  0,  0],
         [ 0,  0,  0,  0,  0,  0],
         [ 0,  0,  0,  0,  0,  0],
         [ 0,  0,  0,  0,  0,  0],
         [ 0,  0,  0,  0,  0,  0]],

        [[ 0,  0,  0,  0,  0,  0],
         [ 0,  0,  0,  0,  0,  0],
         [ 0,  0,  0,  0,  0,  0],
         [ 0,  0,  0,  0,  0,  0],
         [ 0,  0,  0,  0,  0,  0],
         [ 0,  0,  0,  0,  0,  0]],

        [[ 0,  0,  0,  0,  0,  0],
         [ 0,  0,  0,  0,  0,  0],
         [ 0,  0,  0,  0,  0,  0],
         [ 0,  0, -1,  0,  0,  0],
         [ 0,  0,  0,  0,  0,  0],
         [ 0,  0,  0,  0,  0,  0]],

        [[ 0,  0,  0,  0,  0,  0],
         [ 0,  0,  0,  0,  0,  0],
         [ 0,  0,  0,  0,  0,  0],
         [ 0,  0,  0,  0,  0,  0],
         [ 0,  0,  0,  0,  0,  0],
         [ 0,  0,  0,  0,  0,  0]]]]))
('coA', array([[[[0, 0, 0, 0, 0, 0],
         [0, 0, 0, 0, 0, 0],
         [0, 0, 0, 0, 0, 0],
         [0, 0, 0, 0, 0, 0],
         [0, 0, 0, 0, 0, 0],
         [0, 0, 0, 0, 0, 0]],

        [[0, 0, 0, 0, 0, 0],
         [0, 0, 0, 0, 0, 0],
         [0, 0, 0, 0, 0, 0],
         [0, 0, 0, 0, 0, 0],
         [0, 0, 0, 0, 0, 0],
         [0, 0, 0, 0, 0, 0]],

        [[0, 0, 0, 0, 0, 0],
         [0, 0, 0, 0, 0, 0],
         [0, 0, 0, 0, 0, 0],
         [0, 0, 0, 0, 0, 0],
         [0, 0, 0, 0, 0, 0],
         [0, 0, 0, 0, 0, 0]],

        [[0, 0, 0, 0, 0, 0],
         [0, 0, 0, 0, 0, 0],
         [0, 0, 0, 0, 0, 0],
         [0, 0, 0, 0, 0, 0],
         [0, 0, 0, 0, 0, 0],
         [0, 0, 0, 0, 0, 0]],

        [[0, 0, 0, 0, 0, 0],
         [0, 0, 0, 0, 0, 0],
         [0, 0, 0, 0, 0, 0],
         [0, 0, 0, 0, 0, 0],
         [0, 0, 0, 0, 0, 0],
         [0, 0, 0, 0, 0, 0]],

        [[0, 0, 0, 0, 0, 0],
         [0, 0, 0, 0, 0, 0],
         [0, 0, 0, 0, 0, 0],
         [0, 0, 0, 0, 0, 0],
         [0, 0, 0, 0, 0, 0],
         [0, 0, 0, 0, 0, 0]]],


       [[[0, 0, 0, 0, 0, 0],
         [0, 0, 0, 0, 0, 0],
         [0, 0, 0, 0, 0, 0],
         [0, 0, 0, 0, 0, 0],
         [0, 0, 0, 0, 0, 0],
         [0, 0, 0, 0, 0, 0]],

        [[0, 0, 0, 0, 0, 0],
         [0, 0, 0, 0, 0, 0],
         [0, 0, 0, 0, 0, 0],
         [0, 0, 0, 0, 0, 0],
         [0, 0, 0, 0, 0, 0],
         [0, 0, 0, 0, 0, 0]],

        [[0, 0, 0, 0, 0, 0],
         [0, 0, 0, 0, 0, 0],
         [0, 0, 0, 0, 0, 0],
         [0, 0, 0, 0, 0, 0],
         [0, 0, 0, 0, 0, 0],
         [0, 0, 0, 0, 0, 0]],

        [[0, 0, 0, 0, 0, 0],
         [0, 0, 0, 0, 0, 0],
         [0, 0, 0, 0, 0, 0],
         [0, 0, 0, 0, 0, 0],
         [0, 0, 0, 0, 0, 0],
         [0, 0, 0, 0, 0, 0]],

        [[0, 0, 0, 0, 0, 0],
         [0, 0, 0, 0, 0, 0],
         [0, 0, 0, 0, 0, 0],
         [0, 0, 0, 0, 0, 0],
         [0, 0, 0, 0, 0, 0],
         [0, 0, 0, 0, 0, 0]],

        [[0, 0, 0, 0, 0, 0],
         [0, 0, 0, 0, 0, 0],
         [0, 0, 0, 0, 0, 0],
         [0, 0, 0, 0, 0, 0],
         [0, 0, 0, 0, 0, 0],
         [0, 0, 0, 0, 0, 0]]],


       [[[0, 0, 0, 0, 0, 0],
         [0, 0, 0, 0, 0, 0],
         [0, 0, 0, 0, 0, 0],
         [0, 0, 0, 0, 0, 0],
         [0, 0, 0, 0, 0, 0],
         [0, 0, 0, 0, 0, 0]],

        [[0, 0, 0, 0, 0, 0],
         [0, 0, 0, 0, 0, 0],
         [0, 0, 0, 0, 0, 0],
         [0, 0, 0, 0, 0, 0],
         [0, 0, 0, 0, 0, 0],
         [0, 0, 0, 0, 0, 0]],

        [[0, 0, 0, 0, 0, 0],
         [0, 0, 0, 0, 0, 0],
         [0, 0, 0, 0, 0, 0],
         [0, 0, 0, 0, 0, 0],
         [0, 0, 0, 0, 0, 0],
         [0, 0, 0, 0, 0, 0]],

        [[0, 0, 0, 0, 0, 0],
         [0, 0, 0, 0, 0, 0],
         [0, 0, 0, 0, 0, 0],
         [0, 0, 0, 0, 0, 0],
         [0, 0, 0, 0, 0, 0],
         [0, 0, 0, 0, 0, 0]],

        [[0, 0, 0, 0, 0, 0],
         [0, 0, 0, 0, 0, 0],
         [0, 0, 0, 0, 0, 0],
         [0, 0, 0, 0, 0, 0],
         [0, 0, 0, 0, 0, 0],
         [0, 0, 0, 0, 0, 0]],

        [[0, 0, 0, 0, 0, 0],
         [0, 0, 0, 0, 0, 0],
         [0, 0, 0, 0, 0, 0],
         [0, 0, 0, 0, 0, 0],
         [0, 0, 0, 0, 0, 0],
         [0, 0, 0, 0, 0, 0]]],


       [[[0, 0, 0, 0, 0, 0],
         [0, 0, 0, 0, 0, 0],
         [0, 0, 0, 0, 0, 0],
         [0, 0, 0, 0, 0, 0],
         [0, 0, 0, 0, 0, 0],
         [0, 0, 0, 0, 0, 0]],

        [[0, 0, 0, 0, 0, 0],
         [0, 0, 0, 0, 0, 0],
         [0, 0, 0, 0, 0, 0],
         [0, 0, 0, 0, 0, 0],
         [0, 0, 0, 0, 0, 0],
         [0, 0, 0, 0, 0, 0]],

        [[0, 0, 0, 0, 0, 0],
         [0, 0, 0, 0, 0, 0],
         [0, 0, 0, 0, 0, 0],
         [0, 0, 0, 0, 0, 0],
         [0, 0, 0, 0, 0, 0],
         [0, 0, 0, 0, 0, 0]],

        [[0, 0, 0, 0, 0, 0],
         [0, 0, 0, 0, 0, 0],
         [0, 0, 0, 0, 0, 0],
         [0, 0, 0, 0, 0, 0],
         [0, 0, 0, 0, 0, 0],
         [0, 0, 0, 0, 0, 0]],

        [[0, 0, 0, 0, 0, 0],
         [0, 0, 0, 0, 0, 0],
         [0, 0, 0, 0, 0, 0],
         [0, 0, 0, 0, 0, 0],
         [0, 0, 0, 0, 0, 0],
         [0, 0, 0, 0, 0, 0]],

        [[0, 0, 0, 0, 0, 0],
         [0, 0, 0, 0, 0, 0],
         [0, 0, 0, 0, 0, 0],
         [0, 0, 0, 0, 0, 0],
         [0, 0, 0, 0, 0, 0],
         [0, 0, 0, 0, 0, 0]]],


       [[[0, 0, 0, 0, 0, 0],
         [0, 0, 0, 0, 0, 0],
         [0, 0, 0, 0, 0, 0],
         [0, 0, 0, 0, 0, 0],
         [0, 0, 0, 0, 0, 0],
         [0, 0, 0, 0, 0, 0]],

        [[0, 0, 0, 0, 0, 0],
         [0, 0, 0, 0, 0, 0],
         [0, 0, 0, 0, 0, 0],
         [0, 0, 0, 0, 0, 0],
         [0, 0, 0, 0, 0, 0],
         [0, 0, 0, 0, 0, 0]],

        [[0, 0, 0, 0, 0, 0],
         [0, 0, 0, 0, 0, 0],
         [0, 0, 0, 0, 0, 0],
         [0, 0, 0, 0, 0, 0],
         [0, 0, 0, 0, 0, 0],
         [0, 0, 0, 0, 0, 0]],

        [[0, 0, 0, 0, 0, 0],
         [0, 0, 0, 0, 0, 0],
         [0, 0, 0, 0, 0, 0],
         [0, 0, 0, 0, 0, 0],
         [0, 0, 0, 0, 0, 0],
         [0, 0, 0, 0, 0, 0]],

        [[0, 0, 0, 0, 0, 0],
         [0, 0, 0, 0, 0, 0],
         [0, 0, 0, 0, 0, 0],
         [0, 0, 0, 0, 0, 0],
         [0, 0, 0, 0, 0, 0],
         [0, 0, 0, 0, 0, 0]],

        [[0, 0, 0, 0, 0, 0],
         [0, 0, 0, 0, 0, 0],
         [0, 0, 0, 0, 0, 0],
         [0, 0, 0, 0, 0, 0],
         [0, 0, 0, 0, 0, 0],
         [0, 0, 0, 0, 0, 0]]],


       [[[0, 0, 0, 0, 0, 0],
         [0, 0, 0, 0, 0, 0],
         [0, 0, 0, 0, 0, 0],
         [0, 0, 0, 0, 0, 0],
         [0, 0, 0, 0, 0, 0],
         [0, 0, 0, 0, 0, 0]],

        [[0, 0, 0, 0, 0, 0],
         [0, 0, 0, 0, 0, 0],
         [0, 0, 0, 0, 0, 0],
         [0, 0, 0, 0, 0, 0],
         [0, 0, 0, 0, 0, 0],
         [0, 0, 0, 0, 0, 0]],

        [[0, 0, 0, 0, 0, 0],
         [0, 0, 0, 0, 0, 0],
         [0, 0, 0, 0, 0, 0],
         [0, 0, 0, 0, 0, 0],
         [0, 0, 0, 0, 0, 0],
         [0, 0, 0, 0, 0, 0]],

        [[0, 0, 0, 0, 0, 0],
         [0, 0, 0, 0, 0, 0],
         [0, 0, 0, 0, 0, 0],
         [0, 0, 0, 0, 0, 0],
         [0, 0, 0, 0, 0, 0],
         [0, 0, 0, 0, 0, 0]],

        [[0, 0, 0, 0, 0, 0],
         [0, 0, 0, 0, 0, 0],
         [0, 0, 0, 0, 0, 0],
         [0, 0, 0, 0, 0, 0],
         [0, 0, 0, 0, 0, 0],
         [0, 0, 0, 0, 0, 0]],

        [[0, 0, 0, 0, 0, 0],
         [0, 0, 0, 0, 0, 0],
         [0, 0, 0, 0, 0, 0],
         [0, 0, 0, 0, 0, 0],
         [0, 0, 0, 0, 0, 0],
         [0, 0, 0, 0, 0, 0]]]]))
('det(A)=', 0, 'det(coA)=', 0)
('det(C)=', 0.0)
